a <- list(1:4, array(1:12,dim = c(4,3)), list(1,2,3,4))
a